99356
99350
99349
99348
99345
99337
99336
99335
99334
99310
99309
99308
99307
99306
99305
99292
99291
99285
99284
99283
99282
99239
99238
99233
99232
99231
99223
99222
99221
99220
99215
99214
99213
99212
99211
99205
99204
99203
99202
99201
99183
98943
98942
98941
98940
98926
98925
97804
97803
97802
97760
97750
97597
97542
97535
97532
97530
97150
97140
97124
97116
97113
97112
97110
97035
97033
97032
97022
97018
97016
97012
97004
97003
97002
97001
96417
96415
96413
96401
96372
96367
96366
96365
96152
96150
96125
96119
96118
96116
96101
95992
95920
95904
95903
95900
95886
95831
95819
95816
95811
95810
95251
95180
95165
95144
95024
95004
94729
94726
94660
94060
94010
93971
93970
93880
93656
93653
93651
93613
93503
93459
93458
93454
93312
93306
93295
93284
93283
93280
93018
93016
93015
93010
93010
93000
92980
92928
92627
92626
92625
92620
92616
92612
92611
92610
92609
92608
92607
92604
92603
92597
92588
92587
92585
92570
92568
92567
92557
92550
92548
92546
92543
92542
92541
92540
92526
92520
92508
92507
92506
92504
92250
92235
92226
92225
92136
92134
92133
92083
92014
92012
92004
90970
90966
90962
90961
90960
90937
90935
90880
90870
90862
90853
90847
90846
90837
90836
90834
90833
90832
90821
90818
90816
90812
90808
90807
90806
90805
90805
90804
90801
90792
90791
88368
88367
88360
88346
88342
88331
88321
88313
88312
88311
88309
88307
88305
88304
88189
88173
88112
88108
87340
87184
87088
87086
86803
86709
86708
86706
86705
86677
86592
86430
86304
86301
86160
86141
86140
86063
86038
86003
85730
85652
85651
85610
85097
85060
85025
85007
84550
84520
84481
84480
84479
84460
84450
84443
84439
84436
84403
84402
84270
84154
84153
84146
84144
84132
84100
83970
83914
83912
83901
83900
83898
83894
83892
83890
83735
83721
83718
83690
83615
83550
83540
83036
83002
83001
82977
82947
82746
82728
82670
82607
82570
82565
82550
82378
82310
82306
82248
82172
82150
82043
81003
81002
81001
80185
80162
80076
80061
80053
80048
78582
78452
78452
78320
78315
78306
78264
78195
77470
77435
77427
77421
77338
77334
77331
77315
77301
77300
77295
77290
77280
77263
77080
77014
77012
77003
76942
76856
76830
76770
76705
76700
76536
74178
74177
74176
73721
73110
72148
72141
72125
71275
71260
71250
71020
71010
70553
70551
70450
70355
69210
68761
67228
67210
67028
66984
66982
66821
65855
64721
64718
64636
64635
64495
64494
64493
64490
64484
64483
64447
63650
63048
63047
63030
62311
62310
60500
58661
58571
58552
58548
58150
57425
57288
57282
57265
57260
57160
55866
55700
52648
52601
52332
52281
52000
51797
51784
51729
50715
50590
50360
49505
49083
48150
47563
47562
46600
46500
46221
45385
45384
45383
45380
45378
45300
44207
44204
43262
43246
43239
43235
40812
38900
38724
38572
38525
38221
37215
37205
37204
36870
36830
36821
36620
36569
36561
36558
36556
36478
36475
36415
36247
36147
35476
35475
35301
33534
33533
33519
33518
33430
33427
33426
33405
33249
33208
32666
32663
32480
31624
31622
31579
31575
31500
31237
31231
29848
29827
29530
29240
27447
27245
27236
27130
27096
26055
25447
23472
22851
22845
22842
22840
22633
22614
22612
22551
21215
21210
21085
21084
21080
21079
21076
21048
21046
20610
20605
20600
20550
20526
19303
19301
19125
17313
17312
17311
17110
17004
17003
17000
15734
15732
15260
14301
14061
14060
14041
14040
14021
13132
13121
12032
11750
11730
11721
11720
11101
11100
11057
11056
11055
11044
11043
11042
10060
10022